14364114511653964483
5454468825661541484
330174794094209790
13216370853390790082
5835236374565183608
908777252084001507
8854769765838077682
4930937450326288761
16927610514210824415
15578076760181699698
2148894951792102459
5503507776895003600
7344136346701827763
2150832843927721822
12116236928501825878
15698329228565564083
6636968400914028737
13323916579970588346
16235803339997807479
3454144559841834538
10094443266718706436
15040816594957698899
16774069988458393138
13750719363229914305
437636236678782273
7351098961364513099
15859147639175049669
5291826448566605555
11793225760405578669
11587817079881687253
